<?xml version="1.0"?>
<opencv_storage>
<calibration_time>"Wed 31 Jan 2018 12:24:54 PM EST"</calibration_time>
<nr_of_frames>7</nr_of_frames>
<image_width>832</image_width>
<image_height>468</image_height>
<board_width>7</board_width>
<board_height>7</board_height>
<square_size>3.8025000095367432e+00</square_size>
<fix_aspect_ratio>1.</fix_aspect_ratio>
<!-- flags: +fix_aspectRatio +fix_principal_point +zero_tangent_dist +fix_k4 +fix_k5 -->
<flags>6158</flags>
<fisheye_model>0</fisheye_model>
<camera_matrix type_id="opencv-matrix">
  <rows>3</rows>
  <cols>3</cols>
  <dt>d</dt>
  <data>
    1.9257250362746810e+04 0. 416. 0. 1.9257250362746810e+04 234. 0. 0.
    1.</data></camera_matrix>
<distortion_coefficients type_id="opencv-matrix">
  <rows>5</rows>
  <cols>1</cols>
  <dt>d</dt>
  <data>
    8.8976762244642543e-02 -1.3976724672118269e+02 0. 0.
    -4.5785416128619662e-03</data></distortion_coefficients>
<avg_reprojection_error>1.2765296444982370e+00</avg_reprojection_error>
<per_view_reprojection_errors type_id="opencv-matrix">
  <rows>7</rows>
  <cols>1</cols>
  <dt>f</dt>
  <data>
    1.94250441e+00 5.99119008e-01 2.19272733e+00 3.46049368e-01
    2.55720973e-01 6.67539001e-01 1.35485208e+00</data></per_view_reprojection_errors>
<!-- a set of 6-tuples (rotation vector + translation vector) for each view -->
<extrinsic_parameters type_id="opencv-matrix">
  <rows>7</rows>
  <cols>6</cols>
  <dt>d</dt>
  <data>
    -5.5850583793724167e-03 -2.8325052735582534e-01
    9.5418657372961582e-03 -2.3267691653348447e+01
    -2.3539093763983230e+00 1.3356877940058635e+03
    -3.3242075119909242e-01 -4.5217897851921707e-02
    -3.1311756707889691e+00 -1.4484883548171451e+01
    3.2592047603667581e+01 2.7164084789559070e+03 2.0840360410369226e-03
    -5.8386763409950422e-03 3.1514035032486909e+00
    -1.3382281019465278e+01 1.2489731333934479e+01
    1.9988866953144839e+03 -1.4520850411894803e-02
    -2.7375921125254821e-01 -6.7359087240394374e-04
    -2.4803311477018582e+01 3.3578111992978030e+00
    1.4755926269418928e+03 -2.9341480439789478e-03
    -2.7404711501156553e-01 3.9470080217557249e-03
    -2.3612115310765830e+01 -1.9360508457726362e+00
    1.3241761680924744e+03 -8.3028473735714259e-03
    -2.7571022977745446e-01 -3.1711544441317451e-03
    -2.4651591608710174e+01 2.1457399337153105e-01
    1.4977286780836723e+03 2.6753684088553481e-01
    -9.3640216207009335e-03 6.5842539746870064e-03
    -1.2979462291874635e+01 -1.1138809641758849e+01
    1.3322195485303903e+03</data></extrinsic_parameters>
<image_points type_id="opencv-matrix">
  <rows>7</rows>
  <cols>49</cols>
  <dt>"2f"</dt>
  <data>
    7.63368378e+01 1.96549438e+02 1.31324615e+02 1.98028519e+02
    1.85480026e+02 1.99153442e+02 2.39320358e+02 2.00164001e+02
    2.93069519e+02 2.00902588e+02 3.46021759e+02 2.02131729e+02
    3.99003510e+02 2.02940521e+02 7.72101059e+01 2.53773331e+02
    1.31724319e+02 2.55016617e+02 1.85485321e+02 2.56108917e+02
    2.38815155e+02 2.56834320e+02 2.92166473e+02 2.57483398e+02
    3.44706940e+02 2.58407959e+02 3.97264160e+02 2.58982544e+02
    7.80601120e+01 3.10308289e+02 1.32089722e+02 3.11052124e+02
    1.85424423e+02 3.11848419e+02 2.38428726e+02 3.12556305e+02
    2.91269257e+02 3.13215088e+02 3.43488708e+02 3.13750946e+02
    3.95551025e+02 3.14412170e+02 7.85130844e+01 3.65711365e+02
    1.32393005e+02 3.66316895e+02 1.85293884e+02 3.66728088e+02
    2.37797516e+02 3.67288391e+02 2.90351410e+02 3.67664551e+02
    3.42251526e+02 3.68220886e+02 3.93980072e+02 3.68658142e+02
    7.88798141e+01 4.20688446e+02 1.32472031e+02 4.20838623e+02
    1.85129761e+02 4.21094696e+02 2.37442825e+02 4.21324005e+02
    2.89562622e+02 4.21676849e+02 3.41271057e+02 4.21996979e+02
    3.92665894e+02 4.22386993e+02 7.92263947e+01 4.75065918e+02
    1.32481522e+02 4.74852112e+02 1.84942322e+02 4.74982727e+02
    2.36984055e+02 4.75032013e+02 2.88897614e+02 4.75123108e+02
    3.40423950e+02 4.75449860e+02 3.91600372e+02 4.75584564e+02
    7.93953018e+01 5.28939331e+02 1.32505905e+02 5.28544983e+02
    1.84704056e+02 5.28335693e+02 2.36661438e+02 5.28044800e+02
    2.88352173e+02 5.28070557e+02 3.39457672e+02 5.28055481e+02
    3.90636078e+02 5.28425781e+02 3.14339417e+02 4.65682281e+02
    2.87615509e+02 4.65904053e+02 2.61080902e+02 4.66046265e+02
    2.34477081e+02 4.66156494e+02 2.07782135e+02 4.66491028e+02
    1.81370499e+02 4.66668884e+02 1.54728333e+02 4.66964783e+02
    3.13841553e+02 4.38206421e+02 2.87296783e+02 4.38345459e+02
    2.60758972e+02 4.38587891e+02 2.34313614e+02 4.38731445e+02
    2.07793472e+02 4.38993195e+02 1.81307724e+02 4.39305267e+02
    1.54928848e+02 4.39446259e+02 3.13401825e+02 4.10761688e+02
    2.86915680e+02 4.11052887e+02 2.60578247e+02 4.11254181e+02
    2.34175095e+02 4.11508789e+02 2.07714203e+02 4.11722717e+02
    1.81673981e+02 4.11627838e+02 1.55096069e+02 4.12211609e+02
    3.12932190e+02 3.83782715e+02 2.86567810e+02 3.83979309e+02
    2.60402710e+02 3.84237610e+02 2.34042084e+02 3.84399231e+02
    2.07701477e+02 3.84620270e+02 1.81541931e+02 3.85038513e+02
    1.55291687e+02 3.85107544e+02 3.12587219e+02 3.56956696e+02
    2.86324921e+02 3.57148590e+02 2.60224487e+02 3.57318329e+02
    2.33879715e+02 3.57598450e+02 2.07764130e+02 3.57827972e+02
    1.81592667e+02 3.57869232e+02 1.55577911e+02 3.58466309e+02
    3.12156647e+02 3.30305176e+02 2.86031189e+02 3.30523346e+02
    2.59973785e+02 3.30767242e+02 2.33788345e+02 3.31120514e+02
    2.07783630e+02 3.31376068e+02 1.81834000e+02 3.31678680e+02
    1.55778870e+02 3.31854431e+02 3.11669403e+02 3.04014557e+02
    2.85631592e+02 3.04299835e+02 2.59744324e+02 3.04311035e+02
    2.33636841e+02 3.04703125e+02 2.07695526e+02 3.04990997e+02
    1.81928986e+02 3.05340607e+02 1.55898010e+02 3.05613129e+02
    2.88720673e+02 3.54947815e+02 2.51893387e+02 3.55254547e+02
    2.15413391e+02 3.55409637e+02 1.78690872e+02 3.55631836e+02
    1.42003220e+02 3.55789795e+02 1.05393494e+02 3.55911713e+02
    6.85142822e+01 3.56238403e+02 2.88324127e+02 3.17262604e+02
    2.51772568e+02 3.17437927e+02 2.15242142e+02 3.17776520e+02
    1.78683701e+02 3.18059235e+02 1.41989639e+02 3.18086151e+02
    1.05386986e+02 3.18318207e+02 6.85253601e+01 3.18329742e+02
    2.88077606e+02 2.79583405e+02 2.51563904e+02 2.79945160e+02
    2.15189896e+02 2.80203094e+02 1.78629532e+02 2.80359375e+02
    1.41981049e+02 2.80487213e+02 1.05471100e+02 2.80424652e+02
    6.85252838e+01 2.80559570e+02 2.87801544e+02 2.42172592e+02
    2.51414001e+02 2.42423050e+02 2.14987976e+02 2.42617279e+02
    1.78504288e+02 2.42711319e+02 1.41889450e+02 2.42803558e+02
    1.05524872e+02 2.43031723e+02 6.87195053e+01 2.42941116e+02
    2.87641602e+02 2.04789963e+02 2.51244232e+02 2.04910706e+02
    2.14921829e+02 2.05084045e+02 1.78398483e+02 2.05410843e+02
    1.42020264e+02 2.05457550e+02 1.05445419e+02 2.05448135e+02
    6.90603561e+01 2.05781448e+02 2.87437012e+02 1.67475662e+02
    2.51156143e+02 1.67731323e+02 2.14815277e+02 1.67776428e+02
    1.78422958e+02 1.68135223e+02 1.42080338e+02 1.68451218e+02
    1.05771606e+02 1.68567947e+02 6.93090897e+01 1.68704666e+02
    2.87252167e+02 1.30550446e+02 2.50932053e+02 1.30807678e+02
    2.14682266e+02 1.30504562e+02 1.78253143e+02 1.30918732e+02
    1.41956024e+02 1.31176315e+02 1.05889046e+02 1.31656448e+02
    6.95135117e+01 1.31844940e+02 9.13860321e+01 2.77245819e+02
    1.40052032e+02 2.77494904e+02 1.88077576e+02 2.77634216e+02
    2.36098175e+02 2.77734894e+02 2.84156342e+02 2.77673004e+02
    3.31670990e+02 2.78068604e+02 3.79529602e+02 2.78067963e+02
    9.20081100e+01 3.27311737e+02 1.40413956e+02 3.27450836e+02
    1.88391968e+02 3.27533752e+02 2.36159912e+02 3.27538971e+02
    2.84252472e+02 3.27444855e+02 3.31660400e+02 3.27620178e+02
    3.79410522e+02 3.27580902e+02 9.23570709e+01 3.77157471e+02
    1.40575516e+02 3.77137787e+02 1.88515213e+02 3.77157501e+02
    2.36416901e+02 3.77154602e+02 2.84176361e+02 3.77287659e+02
