<?xml version="1.0"?>
<opencv_storage>
<calibration_time>"Thu 25 Jan 2018 03:36:07 PM EST"</calibration_time>
<nr_of_frames>7</nr_of_frames>
<image_width>3328</image_width>
<image_height>1872</image_height>
<board_width>7</board_width>
<board_height>7</board_height>
<square_size>3.8025000095367432e+00</square_size>
<fix_aspect_ratio>1.</fix_aspect_ratio>
<!-- flags: +fix_aspectRatio +fix_principal_point +zero_tangent_dist +fix_k4 +fix_k5 -->
<flags>6158</flags>
<fisheye_model>0</fisheye_model>
<camera_matrix type_id="opencv-matrix">
  <rows>3</rows>
  <cols>3</cols>
  <dt>d</dt>
  <data>
    2.6978672342578142e+04 0. 1664. 0. 2.6978672342578142e+04 936. 0. 0.
    1.</data></camera_matrix>
<distortion_coefficients type_id="opencv-matrix">
  <rows>5</rows>
  <cols>1</cols>
  <dt>d</dt>
  <data>
    -3.8014056971529420e-01 -1.6092989525743891e+02 0. 0.
    -1.6522349605335165e+00</data></distortion_coefficients>
<avg_reprojection_error>3.7414261734447982e+00</avg_reprojection_error>
<per_view_reprojection_errors type_id="opencv-matrix">
  <rows>7</rows>
  <cols>1</cols>
  <dt>f</dt>
  <data>
    6.95443773e+00 2.55155540e+00 1.87903094e+00 1.25353968e+00
    1.92266202e+00 1.96855855e+00 5.51717997e+00</data></per_view_reprojection_errors>
<!-- a set of 6-tuples (rotation vector + translation vector) for each view -->
<extrinsic_parameters type_id="opencv-matrix">
  <rows>7</rows>
  <cols>6</cols>
  <dt>d</dt>
  <data>
    -5.1774601230088974e-03 -2.9873886976703590e-01
    1.1382268956266033e-02 -2.3163074344220572e+01
    -2.3760902033295213e+00 4.6465169335724192e+02
    1.0998201373432567e-01 1.9711312983931731e-01 1.5556604887584060e+00
    -1.4525138278625167e+01 9.7606748091004931e+00
    9.4893188787494830e+02 1.2243929273401891e-01 1.6140950247953989e-01
    1.5619971475064474e+00 -1.2957933193980011e+01
    -1.0563370179973054e+01 6.8293951837626696e+02
    -2.3030251309770520e-02 -2.9433768965886581e-01
    2.4835889159185867e-03 -2.4678064642920749e+01
    3.2965115886307799e+00 5.1308046133275138e+02
    -9.3048996736181857e-03 -2.8703060287277560e-01
    6.0347773673163170e-03 -2.3535593967655366e+01
    -1.9493376860006622e+00 4.6105369051024491e+02
    -1.2901293384203313e-02 -2.9201441399539163e-01
    -9.8933364775157222e-04 -2.4550357299740714e+01
    1.9165857161376804e-01 5.2151168562750206e+02 2.6396853143679105e-01
    -1.5396855567561686e-02 6.9361959246620657e-03
    -1.2965709308328483e+01 -1.1127956635199748e+01
    4.6456489962788658e+02</data></extrinsic_parameters>
<image_points type_id="opencv-matrix">
  <rows>7</rows>
  <cols>49</cols>
  <dt>"2f"</dt>
  <data>
    3.05681427e+02 7.86521301e+02 5.25658447e+02 7.92336914e+02
    7.42173096e+02 7.96655212e+02 9.57502136e+02 8.00764160e+02
    1.17263904e+03 8.03775146e+02 1.38435620e+03 8.08605347e+02
    1.59626294e+03 8.11672913e+02 3.09213959e+02 1.01560211e+03
    5.27441895e+02 1.02016376e+03 7.42309692e+02 1.02429138e+03
    9.55697571e+02 1.02768909e+03 1.16871326e+03 1.03052283e+03
    1.37930298e+03 1.03354089e+03 1.58929736e+03 1.03606641e+03
    3.12168884e+02 1.24126233e+03 5.28301147e+02 1.24438281e+03
    7.41979736e+02 1.24765759e+03 9.53693726e+02 1.25055896e+03
    1.16518677e+03 1.25275037e+03 1.37458630e+03 1.25532861e+03
    1.58252405e+03 1.25765601e+03 3.14322388e+02 1.46314880e+03
    5.29642456e+02 1.46507983e+03 7.41401001e+02 1.46708521e+03
    9.51852722e+02 1.46884009e+03 1.16161365e+03 1.47074707e+03
    1.36942993e+03 1.47260657e+03 1.57627063e+03 1.47460754e+03
    3.15755096e+02 1.68287866e+03 5.29964539e+02 1.68367236e+03
    7.40787598e+02 1.68437097e+03 9.50063660e+02 1.68549707e+03
    1.15861011e+03 1.68665479e+03 1.36503052e+03 1.68815271e+03
    1.57112732e+03 1.68935193e+03 3.16745483e+02 1.90068896e+03
    5.30168701e+02 1.89963184e+03 7.39753479e+02 1.90003918e+03
    9.48305176e+02 1.90006677e+03 1.15592883e+03 1.90030859e+03
    1.36203235e+03 1.90152905e+03 1.56706604e+03 1.90258276e+03
    3.17583221e+02 2.11593970e+03 5.30037292e+02 2.11460522e+03
    7.39365967e+02 2.11316064e+03 9.46952148e+02 2.11224634e+03
    1.15354382e+03 2.11202222e+03 1.35813416e+03 2.11216919e+03
    1.56317065e+03 2.11360889e+03 1.24643042e+03 1.21710974e+03
    1.24871118e+03 1.32169336e+03 1.25005652e+03 1.42847925e+03
    1.25192224e+03 1.53612878e+03 1.25306506e+03 1.64498621e+03
    1.25535522e+03 1.75344116e+03 1.25747583e+03 1.86329541e+03
    1.14263098e+03 1.21825171e+03 1.14405908e+03 1.32284521e+03
    1.14541687e+03 1.42860583e+03 1.14647510e+03 1.53659204e+03
    1.14759741e+03 1.64562329e+03 1.14832397e+03 1.75493286e+03
    1.15014148e+03 1.86466003e+03 1.03868188e+03 1.21872949e+03
    1.03972131e+03 1.32331860e+03 1.04069739e+03 1.43036206e+03
    1.04146411e+03 1.53716052e+03 1.04227112e+03 1.64584314e+03
    1.04318188e+03 1.75496594e+03 1.04384717e+03 1.86517590e+03
    9.34934265e+02 1.21978125e+03 9.35246948e+02 1.32521924e+03
    9.35695618e+02 1.43145142e+03 9.36289246e+02 1.53813672e+03
    9.36534241e+02 1.64633508e+03 9.36662170e+02 1.75621326e+03
    9.37770935e+02 1.86601135e+03 8.30667725e+02 1.22125037e+03
    8.31440552e+02 1.32584509e+03 8.30949585e+02 1.43239465e+03
    8.30940918e+02 1.53900012e+03 8.31065979e+02 1.64742810e+03
    8.30901062e+02 1.75641956e+03 8.31147217e+02 1.86712866e+03
    7.27994995e+02 1222. 7.27458374e+02 1.32742688e+03 7.26733276e+02
    1.43317529e+03 7.26206543e+02 1.54059888e+03 7.25917969e+02
    1.64843054e+03 7.25397766e+02 1.75823108e+03 7.25154541e+02
    1.86776611e+03 6.24124329e+02 1.22293799e+03 6.23639282e+02
    1.32816699e+03 6.22294373e+02 1.43505310e+03 6.21427917e+02
    1.54121484e+03 6.20443604e+02 1.64963513e+03 6.19511902e+02
    1.75834656e+03 6.18772705e+02 1.86885181e+03 1.14850659e+03
    5.22135620e+02 1.14985352e+03 6.69831299e+02 1.15070020e+03
    8.19052124e+02 1.15125781e+03 9.68603943e+02 1.15254907e+03
    1.11806042e+03 1.15287036e+03 1.26845642e+03 1.15406799e+03
    1.41958911e+03 1.00357880e+03 5.22748535e+02 1.00450134e+03
    6.70710632e+02 1.00478754e+03 8.19390381e+02 1.00545868e+03
    9.69909729e+02 1.00584943e+03 1.11984399e+03 1.00687628e+03
    1.26951465e+03 1.00745734e+03 1.42034265e+03 8.58665894e+02
    5.22333679e+02 8.59182068e+02 6.71033264e+02 8.59566345e+02
    8.20419800e+02 8.59759827e+02 9.70068909e+02 8.60511230e+02
    1.12071167e+03 8.60830994e+02 1.27096472e+03 8.61209351e+02
    1.42123755e+03 7.12787537e+02 5.23857666e+02 7.13447449e+02
    6.73001282e+02 7.13468506e+02 8.21316406e+02 7.13920593e+02
    9.71054626e+02 7.14211975e+02 1.12179443e+03 7.14691833e+02
    1.27152295e+03 7.14731628e+02 1.42253308e+03 5.68009155e+02
    5.24730957e+02 5.68448975e+02 6.74262024e+02 5.67921814e+02
    8.21712952e+02 5.67730408e+02 9.71542236e+02 5.67972412e+02
    1.12227466e+03 5.67751709e+02 1.27181714e+03 5.68817139e+02
    1.42280310e+03 4.23670380e+02 5.26987732e+02 4.23013184e+02
    6.74677551e+02 4.21780151e+02 8.22008423e+02 4.21852905e+02
    9.72394470e+02 4.21808899e+02 1.12240002e+03 4.21664398e+02
    1.27316992e+03 4.21621277e+02 1.42382776e+03 2.77790253e+02
    5.27845825e+02 2.78126007e+02 6.76191833e+02 2.75976349e+02
    8.23432434e+02 2.75545654e+02 9.72697510e+02 2.74685883e+02
    1.12248120e+03 2.74642365e+02 1.27396204e+03 2.74151184e+02
    1.42515332e+03 3.66131653e+02 1.10910571e+03 5.60550598e+02
    1.11018945e+03 7.52581909e+02 1.11058069e+03 9.44603027e+02
    1.11142322e+03 1.13620093e+03 1.11216492e+03 1.32690845e+03
    1.11286511e+03 1.51732471e+03 1.11324060e+03 3.68486816e+02
    1.30931934e+03 5.62287964e+02 1.30993262e+03 7.53947327e+02
    1.31033350e+03 9.45140991e+02 1.30990479e+03 1.13721790e+03
    1.31075293e+03 1.32658337e+03 1.31138440e+03 1.51767383e+03
    1.31088501e+03 3.69628723e+02 1.50881799e+03 5.62567383e+02
    1.50857373e+03 7.54534119e+02 1.50820557e+03 9.45701233e+02
    1.50869617e+03 1.13724536e+03 1.50918652e+03 1.32676953e+03
