<?xml version="1.0"?>
<opencv_storage>
<calibration_time>"Wed 31 Jan 2018 02:04:41 PM EST"</calibration_time>
<nr_of_frames>7</nr_of_frames>
<image_width>416</image_width>
<image_height>234</image_height>
<board_width>7</board_width>
<board_height>7</board_height>
<square_size>3.8025000095367432e+00</square_size>
<fix_aspect_ratio>1.</fix_aspect_ratio>
<!-- flags: +fix_aspectRatio +fix_principal_point +zero_tangent_dist +fix_k4 +fix_k5 -->
<flags>6158</flags>
<fisheye_model>0</fisheye_model>
<camera_matrix type_id="opencv-matrix">
  <rows>3</rows>
  <cols>3</cols>
  <dt>d</dt>
  <data>
    7.3878052378519114e+03 0. 208. 0. 7.3878052378519114e+03 117. 0. 0.
    1.</data></camera_matrix>
<distortion_coefficients type_id="opencv-matrix">
  <rows>5</rows>
  <cols>1</cols>
  <dt>d</dt>
  <data>
    -6.3909806321586068e-03 -3.5248647550561753e+02 0. 0.
    -1.8893007053842920e-02</data></distortion_coefficients>
<avg_reprojection_error>6.2208513193612536e-01</avg_reprojection_error>
<per_view_reprojection_errors type_id="opencv-matrix">
  <rows>7</rows>
  <cols>1</cols>
  <dt>f</dt>
  <data>
    9.62723374e-01 3.32478523e-01 1.00876427e+00 1.91848978e-01
    1.55585587e-01 3.27427000e-01 6.96939230e-01</data></per_view_reprojection_errors>
<!-- a set of 6-tuples (rotation vector + translation vector) for each view -->
<extrinsic_parameters type_id="opencv-matrix">
  <rows>7</rows>
  <cols>6</cols>
  <dt>d</dt>
  <data>
    -6.8258551381057105e-03 -2.8648292434939493e-01
    9.7342593901876828e-03 -2.3257316370489985e+01
    -2.3591880105199956e+00 1.0241276815656931e+03
    -3.3001963422145686e-01 -4.2349084854336964e-02
    -3.1317128057236694e+00 -1.4481091826352085e+01
    3.2588389506926063e+01 2.0837725181230280e+03 1.4730953477179943e-02
    1.5702332893924337e-02 3.1490411039102137e+00
    -1.3339348487997668e+01 1.2448273696527348e+01
    1.5321734603705324e+03 -1.7073692449399012e-02
    -2.7639563552481933e-01 -4.5074090670672482e-04
    -2.4798189020395885e+01 3.3506551198300625e+00
    1.1316608441268895e+03 -4.2772857757655781e-03
    -2.7730480646380395e-01 4.2370048138494019e-03
    -2.3599596278452260e+01 -1.9444527118475083e+00
    1.0152873412241782e+03 -9.1764951656227323e-03
    -2.7951549637322870e-01 -2.8948495108023060e-03
    -2.4637029095661955e+01 2.0710281920675386e-01
    1.1483966077357431e+03 2.6835236441007099e-01
    -1.0273099862222202e-02 6.5572675853463030e-03
    -1.2979259573716806e+01 -1.1131206470914609e+01
    1.0214885599991017e+03</data></extrinsic_parameters>
<image_points type_id="opencv-matrix">
  <rows>7</rows>
  <cols>49</cols>
  <dt>"2f"</dt>
  <data>
    3.81716423e+01 9.83030319e+01 6.56144180e+01 9.89974289e+01
    9.27044525e+01 9.95668030e+01 1.19585655e+02 1.00085442e+02
    1.46547607e+02 1.00452652e+02 1.72926208e+02 1.01053741e+02
    1.99513489e+02 1.01469246e+02 3.85889511e+01 1.26845528e+02
    6.58677444e+01 1.27500610e+02 9.27266541e+01 1.28022354e+02
    1.19438499e+02 1.28473557e+02 1.46045120e+02 1.28731995e+02
    1.72365692e+02 1.29191620e+02 1.98603409e+02 1.29415451e+02
    3.89853363e+01 1.55202240e+02 6.60617752e+01 1.55484711e+02
    9.26588440e+01 1.55927109e+02 1.19216782e+02 1.56251114e+02
    1.45551941e+02 1.56621353e+02 1.71717087e+02 1.56840286e+02
    1.97774979e+02 1.57172623e+02 3.93440781e+01 1.82827713e+02
    6.61718521e+01 1.83169296e+02 9.26277161e+01 1.83359009e+02
    1.18844528e+02 1.83621368e+02 1.45199081e+02 1.83778732e+02
    1.71088272e+02 1.84116959e+02 1.96964310e+02 1.84376709e+02
    3.94249420e+01 2.10373062e+02 6.62962265e+01 2.10420624e+02
    9.25179520e+01 2.10562576e+02 1.18700706e+02 2.10607468e+02
    1.44673798e+02 2.10835388e+02 1.70570557e+02 2.10940842e+02
    1.96297348e+02 2.11180191e+02 3.96181068e+01 2.37477280e+02
    6.62339859e+01 2.37455460e+02 9.24900513e+01 2.37451843e+02
    1.18474304e+02 2.37511841e+02 1.44458099e+02 2.37508255e+02
    1.70147568e+02 2.37709564e+02 1.95815613e+02 2.37765854e+02
    3.96316185e+01 2.64449860e+02 6.63184967e+01 2.64227783e+02
    9.23641357e+01 2.64174652e+02 1.18384003e+02 2.63940125e+02
    1.44160568e+02 2.64046234e+02 1.69673431e+02 2.63950317e+02
    1.95303986e+02 2.64217346e+02 1.57143463e+02 2.32761276e+02
    1.43816010e+02 2.32909897e+02 1.30480072e+02 2.32981247e+02
    1.17405968e+02 2.33003464e+02 1.03860489e+02 2.33337219e+02
    9.06927338e+01 2.33306519e+02 7.73807602e+01 2.33434067e+02
    1.56908920e+02 2.19122498e+02 1.43612457e+02 2.19122025e+02
    1.30465256e+02 2.19331955e+02 1.17083237e+02 2.19409836e+02
    1.03968681e+02 2.19434525e+02 9.06244659e+01 2.19599823e+02
    7.75244141e+01 2.19674713e+02 1.56706985e+02 2.05384949e+02
    1.43456223e+02 2.05582443e+02 1.30335083e+02 2.05573990e+02
    1.17103577e+02 2.05697861e+02 1.03809242e+02 2.05970139e+02
    9.08765793e+01 2.05777191e+02 7.75005569e+01 2.06060562e+02
    1.56452423e+02 1.91871277e+02 1.43338272e+02 1.91920624e+02
    1.30181396e+02 1.92158981e+02 1.16988464e+02 1.92199249e+02
    1.03840485e+02 1.92353043e+02 9.05808487e+01 1.92595734e+02
    7.76935577e+01 1.92349823e+02 1.56387543e+02 1.78422180e+02
    1.43174789e+02 1.78575699e+02 1.30129669e+02 1.78605194e+02
    1.16925919e+02 1.78814926e+02 1.03860756e+02 1.78878372e+02
    9.06689453e+01 1.78745102e+02 7.78779755e+01 1.79356567e+02
    1.56022415e+02 1.65134354e+02 1.43001602e+02 1.65209290e+02
    1.29926590e+02 1.65390213e+02 1.16894958e+02 1.65484818e+02
    1.03875946e+02 1.65620438e+02 9.08784714e+01 1.65886368e+02
    7.82343292e+01 1.65609116e+02 1.55680634e+02 1.52027542e+02
    1.42769897e+02 1.52233231e+02 1.29882568e+02 1.52116196e+02
    1.16792389e+02 1.52415222e+02 1.03716881e+02 1.52495300e+02
    9.09431305e+01 1.52687790e+02 7.79095612e+01 1.52762695e+02
    1.44350266e+02 1.77468704e+02 1.26006500e+02 1.77600235e+02
    1.07649773e+02 1.77754471e+02 8.94578094e+01 1.77702499e+02
    7.09914398e+01 1.77923172e+02 5.26766510e+01 1.77899124e+02
    3.42723503e+01 1.78152145e+02 1.44079453e+02 1.58583710e+02
    1.25902870e+02 1.58650177e+02 1.07583740e+02 1.58877945e+02
    8.93605194e+01 1.59050415e+02 7.09541779e+01 1.58952957e+02
    5.27119293e+01 1.59210953e+02 3.43018532e+01 1.59137772e+02
    1.44152863e+02 1.39736313e+02 1.25689735e+02 1.39982681e+02
    1.07629982e+02 1.40051407e+02 8.92635345e+01 1.40202194e+02
    7.10106506e+01 1.40269470e+02 5.26535034e+01 1.40172623e+02
    3.43140411e+01 1.40225281e+02 1.43787247e+02 1.21114365e+02
    1.25724365e+02 1.21219574e+02 1.07431717e+02 1.21333771e+02
    8.92875443e+01 1.21344696e+02 7.09015656e+01 1.21389778e+02
    5.27761841e+01 1.21533455e+02 3.42970734e+01 1.21417542e+02
    1.43876389e+02 1.02382706e+02 1.25553459e+02 1.02480232e+02
    1.07488480e+02 1.02475204e+02 8.92161331e+01 1.02682205e+02
    7.10277939e+01 1.02706802e+02 5.26473579e+01 1.02606476e+02
    3.45386353e+01 1.02858704e+02 1.43659073e+02 8.37284164e+01
    1.25566856e+02 8.38169022e+01 1.07364098e+02 8.38751602e+01
    8.92179642e+01 8.40604019e+01 7.10389633e+01 8.42006683e+01
    5.28669243e+01 8.42718353e+01 3.46015167e+01 8.43388138e+01
    1.43543335e+02 6.52680588e+01 1.25437424e+02 6.54211349e+01
    1.07387825e+02 6.52384872e+01 8.91119156e+01 6.54402084e+01
    7.09109039e+01 6.55487900e+01 5.29328690e+01 6.57894592e+01
    3.47293587e+01 6.58978882e+01 4.56773376e+01 1.38657669e+02
    6.99981079e+01 1.38731766e+02 9.39803009e+01 1.38916656e+02
    1.17969223e+02 1.38842957e+02 1.42132767e+02 1.38783188e+02
    1.65787399e+02 1.39024841e+02 1.89755341e+02 1.38963806e+02
    4.59833298e+01 1.63588959e+02 7.02190475e+01 1.63689163e+02
    9.42366562e+01 1.63706253e+02 1.18046089e+02 1.63834366e+02
    1.42066193e+02 1.63752884e+02 1.65835266e+02 1.63698090e+02
    1.89673233e+02 1.63744278e+02 4.61636238e+01 1.88572571e+02
    7.03268967e+01 1.88487610e+02 9.42165985e+01 1.88530930e+02
    1.18230064e+02 1.88501938e+02 1.41877518e+02 1.88760803e+02
